7893000394209
7894900701517
7891000248768
7898024395232
7891150027848
7891025115656
7891000325131
7891000304556
7622210575975
7896625211401
7896625211166
7891000412855
7898215151708
7896094910959
7891000065440
7893000383005
7896002311274
7891048050620
7898215151807
7891193010081
7892840822286
7891000120095
7896079500151
7896256601848
7892840822903
7896504305078
7894900027013
7896569405003
7892840815783
7896051114024
7891910000197
7898215157441
7898206500027
7898215151722
7896051111030
7891000251539
7898403780925
7891991001342
7891000111161
7891097018251
7894000010021
7891164028237
7891962037028
7892840817978
7896290300714
7894904247042
7894000000350
7898552950545
7896327517702
7892840818357
7896022203634
7898557010077
7896036000793
7891203069795
7896035990095
7898215152439
7898915415827
7896022205539
7897173049171
7896275970611
7896986244414